1 1193
2 661
3 914
4 3408
5 2355
6 1197
7 1287
8 2804
9 594
10 919
11 595
12 938
13 2398
14 2918
15 1035
16 2791
17 2687
18 2018
19 3105
20 2797
21 2321
22 720
23 1270
24 527
25 2340
26 48
27 1097
28 1721
29 1545
30 745
31 2294
32 3186
33 1566
34 588
35 1907
36 783
37 1836
38 1022
39 2762
40 150
41 1
42 1961
43 1962
44 2692
45 260
46 1028
47 1029
48 1207
49 2028
50 531
51 3114
52 608
53 1246
54 1357
55 3068
56 1537
57 647
58 2194
59 648
60 2268
61 2628
62 1103
63 2916
64 3468
65 1210
66 1792
67 1687
68 1213
69 3578
70 2881
71 3030
72 1217
73 434
74 2126
75 3107
76 3108
77 3035
78 1253
79 1610
80 292
81 2236
82 3071
83 902
84 368
85 1259
86 3147
87 1544
88 1293
89 1188
90 3255
91 3256
92 3257
93 110
94 2278
95 2490
96 1834
97 3471
98 589
99 1690
100 3654
101 2852
102 1945
103 982
104 1873
105 2858
106 1225
107 515
108 442
109 2312
110 265
111 1408
112 1084
113 3699
114 480
115 1442
116 2067
117 1265
118 1370
119 1801
120 1372
121 2353
122 3334
123 2427
124 590
125 1196
126 1552
127 736
128 1198
129 593
130 2359
131 95
132 2717
133 2571
134 1917
135 2396
136 3735
137 1953
138 1597
139 3809
140 1954
141 1955
142 235
143 1124
144 1957
145 163
146 21
147 165
148 1090
149 380
150 2501
151 349
152 457
153 1096
154 920
155 459
156 1527
157 3418
158 1385
159 3451
160 3095
161 780
162 498
163 2728
164 2002
165 1784
166 2943
167 2006
168 318
169 1968
170 3678
171 1244
172 356
173 1245
174 3893
175 1247
176 3421
177 1641
178 1394
179 3534
180 104
181 2735
182 1431
183 3868
184 1079
185 2997
186 1615
187 1291
188 653
189 2167
190 1580
191 3619
192 1049
193 1261
194 552
195 1266
196 733
197 1378
198 1379
199 3552
200 1304
201 2470
202 3168
203 2617
204 3671
205 2871
206 2115
207 1136
208 2081
209 2951
210 1214
211 1036
212 3702
213 2366
214 1387
215 3527
216 1201
217 2947
218 1240
219 2987
220 2333
221 1175
222 39
223 288
224 2337
225 1535
226 1392
227 1466
228 860
229 1683
230 866
231 1684
232 2770
233 215
234 1759
235 501
236 506
237 1250
238 3793
239 509
240 41
241 2058
242 3799
243 47
244 2700
245 296
246 581
247 1617
248 728
249 299
250 3079
251 2560
252 1909
253 224
254 3728
255 229
256 6
257 3006
258 1046
259 800
260 50
261 52
262 1191
263 1192
264 3081
265 377
266 1268
267 3083
268 3513
269 2428
270 2282
271 3514
272 1554
273 1912
274 2716
275 1485
276 2289
277 162
278 1127
279 3016
280 2070
281 1704
282 3163
283 2437
284 2291
285 1635
286 1279
287 2721
288 2723
289 1921
290 2725
291 1923
292 2580
293 3386
294 3744
295 968
296 896
297 3020
298 1788
299 176
300 461
301 1429
302 2159
303 1715
304 1643
305 3249
306 3176
307 1719
308 2806
309 2734
310 1649
311 321
312 2013
313 3100
314 2952
315 1794
316 2599
317 1500
318 2959
319 1509
320 1722
321 1650
322 908
323 1653
324 2384
325 1729
326 3476
327 2890
328 3113
329 16
330 2029
331 194
332 551
333 1513
334 3046
335 2318
336 1517
337 1089
338 3260
339 913
340 1730
341 3409
342 2607
343 1449
344 1732
345 1733
346 2390
347 1734
348 3266
349 3267
350 3624
351 2395
352 1594
353 2683
354 412
355 2759
356 994
357 1884
358 1885
359 272
360 24
361 3051
362 348
363 2323
364 1093
365 29
366 562
367 1095
368 1529
369 2188
370 497
371 202
372 1747
373 2908
374 1966
375 3499
376 353
377 32
378 1243
379 1897
380 1171
381 3786
382 34
383 357
384 36
385 714
386 2406
387 1101
388 3717
389 1030
390 1688
391 364
392 3501
393 3072
394 3074
395 3508
396 1043
397 597
398 383
399 2506
400 3524
401 1569
402 2082
403 3600
404 3604
405 2802
406 3536
407 3753
408 3682
409 2017
410 3685
411 3610
412 1296
413 838
414 1007
415 1947
416 2966
417 266
418 17
419 1441
420 1088
421 912
422 199
423 1806
424 2469
425 2100
426 1959
427 1380
428 569
429 1674
430 3565
431 861
432 1997
433 1573
434 474
435 1221
436 2336
437 3425
438 1393
439 1682
440 508
441 3213
442 42
443 650
444 3500
445 3148
446 2702
447 1476
448 1693
449 151
450 510
451 4
452 1621
453 3155
454 58
455 2712
456 2429
457 1840
458 1916
459 1488
460 230
461 1120
462 161
463 1411
464 524
465 1059
466 454
467 1701
468 1274
469 741
470 1277
471 1639
472 3528
473 2297
474 465
475 1711
476 538
477 393
478 2442
479 73
480 3246
481 3173
482 105
483 253
484 3250
485 3252
486 476
487 111
488 3259
489 1589
490 2023
491 14
492 337
493 2314
494 2600
495 269
496 555
497 1660
498 3265
499 1735
500 3481
501 2686
502 2688
503 345
504 2320
505 25
506 2324
507 2329
508 1810
509 2541
510 1673
511 1678
512 1027
513 2699
514 282
515 367
516 223
517 3298
518 3948
519 805
520 3510
521 300
522 1777
523 3301
524 1343
525 3160
526 529
527 3452
528 1060
529 1356
530 1358
531 3178
532 3751
533 3826
534 3755
535 2302
536 1148
537 2166
538 3253
539 1584
540 1223
541 1446
542 3623
543 778
544 1669
545 3484
546 3916
547 1233
548 1307
549 3270
550 1310
551 428
552 2622
553 3358
554 3359
555 1756
556 1320
557 2124
558 2125
559 2054
560 1252
561 1254
562 3869
563 1256
564 1257
565 1831
566 3363
567 586
568 587
569 3438
570 3439
571 3296
572 2496
573 2497
574 2
575 2498
576 153
577 7
578 2133
579 2135
580 2136
581 2137
582 802
583 2138
584 1409
585 1339
586 1269
587 2640
588 592
589 596
590 3447
591 1918
592 2140
593 2072
594 1271
595 1345
596 2077
597 2078
598 1276
599 743
600 671
601 1278
602 3525
603 1927
604 2657
605 3388
606 316
607 317
608 248
609 2080
610 1282
611 1283
612 750
613 2087
614 1286
615 3608
616 2662
617 3466
618 2300
619 180
620 329
621 3034
622 186
623 2161
624 3037
625 2090
626 3039
627 2091
628 830
629 2093
630 904
631 2094
632 1292
633 2096
634 1294
635 765
636 2746
637 1009
638 1948
639 333
640 339
641 2316
642 1371
643 2174
644 1374
645 1375
646 915
647 1376
648 1377
649 916
650 918
651 1012
652 2826
653 3629
654 1015
655 1016
656 1019
657 3489
658 344
659 275
660 2252
661 277
662 923
663 924
664 3701
665 3703
666 926
667 3704
668 1020
669 784
670 858
671 1023
672 1025
673 2693
674 1967
675 351
676 2405
677 2407
678 3066
679 2193
680 932
681 1031
682 1104
683 1032
684 435
685 943
686 3723
687 1042
688 370
689 2423
690 3153
691 2424
692 3086
693 3087
694 953
695 954
696 3591
697 2863
698 3593
699 1125
700 520
701 3668
702 2795
703 1129
704 2431
705 62
706 3309
707 1633
708 2436
709 3097
710 3099
711 3812
712 2000
713 963
714 2001
715 1200
716 2003
717 1203
718 2005
719 1204
720 969
721 2872
722 3675
723 2946
724 898
725 2009
726 2874
727 899
728 1135
729 2948
730 539
731 2371
732 3247
733 3174
734 3175
735 2375
736 2378
737 971
738 2011
739 2012
740 2015
741 1215
742 1073
743 3688
744 541
745 542
746 543
747 3254
748 2453
749 2529
750 1654
751 1583
752 3189
753 116
754 1586
755 2021
756 1220
757 1080
758 2967
759 2968
760 2530
761 3264
762 3194
763 2393
764 3198
765 2399
766 1302
767 1230
768 2105
769 2033
770 2108
771 1234
772 2109
773 1091
774 3347
775 203
776 1676
777 208
778 2111
779 2040
780 2041
781 3928
782 2043
783 2045
784 2046
785 2047
786 2049
787 1753
788 216
789 2706
790 2639
791 2710
792 663
793 3448
794 231
795 2076
796 246
797 249
798 1288
799 3396
800 3101
801 2598
802 2306
803 764
804 342
805 1887
806 2325
807 3129
808 2907
809 788
810 2766
811 2335
812 1461
813 3146
814 1546
815 440
816 441
817 2507
818 1563
819 1498
820 2883
821 3182
822 85
823 88
824 986
825 481
826 2539
827 1665
828 2106
829 708
830 3362
831 813
832 3897
833 934
834 3658
835 1303
836 999
837 2616
838 3785
839 1331
840 1262
841 2641
842 3036
843 3479
844 10
845 2822
846 3494
847 421
848 3070
849 2414
850 1479
851 517
852 952
853 60
854 3745
855 2370
856 1216
857 2528
858 1587
859 3269
860 3417
861 3354
862 1263
863 2572
864 2731
865 3033
866 2243
867 2694
868 2920
869 1982
870 2976
871 2485
872 141
873 3798
874 2707
875 2567
876 3004
877 3005
878 2719
879 160
880 748
881 2724
882 2581
883 1783
884 1422
885 3461
886 3535
887 257
888 832
889 762
890 2676
891 1883
892 2763
893 3566
894 2764
895 1892
896 1608
897 1396
898 2840
899 2841
900 3646
901 500
902 3145
903 2272
904 2273
905 1619
906 1625
907 1487
908 1702
909 2433
910 70
911 1644
912 1645
913 2882
914 2387
915 2389
916 2961
917 553
918 628
919 3261
920 2605
921 1804
922 1805
923 2391
924 2394
925 3773
926 1092
927 1672
928 2555
929 2629
930 2701
931 2568
932 2713
933 1911
934 3516
935 2643
936 2720
937 2722
938 2805
939 2828
940 2761
941 2856
942 2369
943 2888
944 2392
945 2975
946 1179
947 2553
948 2554
949 3932
950 3863
951 1185
952 3503
953 3879
954 3375
955 1779
956 164
957 3457
958 319
959 247
960 1428
961 1284
962 2660
963 2661
964 2663
965 2664
966 2667
967 2668
968 3032
969 2311
970 2173
971 198
972 2752
973 340
974 3700
975 2901
976 3638
977 30
978 1601
979 3713
980 2912
981 3576
982 503
983 293
984 1614
985 2346
986 942
987 446
988 1624
989 3156
990 2287
991 2288
992 3662
993 3594
994 3300
995 1206
996 1069
997 76
998 2377
999 2010
1000 3827
1001 610
1002 1077
1003 2526
1004 2527
1005 2454
1006 2455
1007 3696
1008 2533
1009 1301
1010 707
1011 2613
1012 2542
1013 496
1014 2549
1015 1748
1016 3927
1017 2116
1018 2117
1019 2985
1020 2989
1021 2123
1022 2052
1023 2993
1024 1186
1025 222
1026 158
1027 3877
1028 2139
1029 3440
1030 737
1031 2718
1032 2573
1033 302
1034 232
1035 2141
1036 2142
1037 168
1038 2143
1039 2145
1040 1344
1041 3889
1042 1275
1043 3526
1044 313
1045 2153
1046 2083
1047 2085
1048 2089
1049 2807
1050 2739
1051 3397
1052 3398
1053 3399
1054 327
1055 1367
1056 839
1057 1005
1058 405
1059 1876
1060 261
1061 262
1062 2248
1063 1013
1064 1882
1065 1956
1066 26
1067 2253
1068 3705
1069 3633
1070 3635
1071 1960
1072 3639
1073 2402
1074 2404
1075 1606
1076 1391
1077 1033
1078 291
1079 44
1080 2348
1081 940
1082 2421
1083 2422
1084 1126
1085 1562
1086 1499
1087 1064
1088 532
1089 466
1090 2373
1091 2014
1092 2953
1093 2019
1094 616
1095 546
1096 2450
1097 475
1098 86
1099 2020
1100 2025
1101 2893
1102 3698
1103 485
1104 1591
1105 1739
1106 3911
1107 1094
1108 493
1109 2042
1110 1242
1111 3930
1112 1321
1113 2990
1114 2991
1115 1327
1116 1258
1117 2633
1118 2638
1119 1407
1120 1334
1121 2064
1122 2644
1123 2646
1124 2647
1125 2574
1126 1772
1127 2648
1128 2649
1129 1340
1130 2653
1131 1350
1132 2160
1133 330
1134 1373
1135 842
1136 785
1137 2836
1138 420
1139 3208
1140 2338
1141 2195
1142 1974
1143 879
1144 2782
1145 2789
1146 3082
1147 2860
1148 2790
1149 3596
1150 1994
1151 2502
1152 2367
1153 2296
1154 2004
1155 2949
1156 1717
1157 2376
1158 3752
1159 1219
1160 3325
1161 1655
1162 2103
1163 3273
1164 1694
1165 1468
1166 585
1167 3000
1168 2800
1169 3053
1170 3268
1171 3774
1172 3355
1173 1754
1174 145
1175 1689
1176 2122
1177 2134
1178 1405
1179 3017
1180 1347
1181 818
1182 3450
1183 678
1184 312
1185 173
1186 2150
1187 1425
1188 3896
1189 1799
1190 256
1191 185
1192 2163
1193 1438
1194 833
1195 2671
1196 910
1197 2249
1198 771
1199 849
1200 3120
1201 3052
1202 2189
1203 786
1204 429
1205 2263
1206 2265
1207 1034
1208 798
1209 799
1210 1037
1211 3210
1212 2413
1213 2416
1214 1047
1215 3660
1216 3661
1217 2792
1218 1991
1219 2794
1220 65
1221 1205
1222 3243
1223 2374
1224 473
1225 81
1226 3258
1227 112
1228 3835
1229 1222
1230 3917
1231 2478
1232 1248
1233 1249
1234 3420
1235 3505
1236 1189
1237 3507
1238 3435
1239 659
1240 2202
1241 1267
1242 1199
1243 2642
1244 1845
1245 3952
1246 2148
1247 2149
1248 3521
1249 674
1250 2726
1251 2808
1252 3104
1253 187
1254 903
1255 3618
1256 3474
1257 11
1258 2241
1259 3044
1260 196
1261 911
1262 2176
1263 3551
1264 3556
1265 1958
1266 2322
1267 2259
1268 1388
1269 3634
1270 3708
1271 1965
1272 2409
1273 2917
1274 431
1275 2410
1276 2411
1277 45
1278 2419
1279 951
1280 521
1281 3740
1282 3741
1283 2511
1284 1212
1285 1218
1286 3763
1287 1227
1288 556
1289 3338
1290 125
1291 3770
1292 1306
1293 2973
1294 3920
1295 1313
1296 2118
1297 2119
1298 3424
1299 3361
1300 2132
1301 303
1302 2144
1303 175
1304 2301
1305 2245
1306 2757
1307 3707
1308 425
1309 2915
1310 372
1311 2352
1312 1057
1313 468
1314 1663
1315 2709
1316 157
1317 1920
1318 688
1319 3676
1320 3422
1321 3423
1322 719
1323 3426
1324 3287
1325 2558
1326 217
1327 2053
1328 2059
1329 724
1330 3502
1331 3506
1332 3360
1333 1833
1334 3
1335 5
1336 804
1337 3441
1338 234
1339 236
1340 237
1341 2146
1342 673
1343 315
1344 2154
1345 1285
1346 252
1347 3614
1348 1298
1349 3543
1350 1003
1351 694
1352 3040
1353 2313
1354 267
1355 195
1356 2247
1357 1880
1358 413
1359 416
1360 1888
1361 276
1362 278
1363 3056
1364 1381
1365 1457
1366 852
1367 2906
1368 1021
1369 350
1370 424
1371 3130
1372 2403
1373 3206
1374 3063
1375 2261
1376 38
1377 2262
1378 1463
1379 1390
1380 2266
1381 2269
1382 1100
1383 432
1384 2779
1385 361
1386 2412
1387 1541
1388 3219
1389 2418
1390 3584
1391 511
1392 518
1393 445
1394 2420
1395 3152
1396 378
1397 1556
1398 3590
1399 450
1400 2798
1401 381
1402 455
1403 1703
1404 3308
1405 64
1406 3098
1407 2942
1408 2875
1409 605
1410 609
1411 463
1412 1713
1413 1640
1414 467
1415 74
1416 3248
1417 2447
1418 2950
1419 3684
1420 3686
1421 612
1422 540
1423 3689
1424 471
1425 472
1426 2459
1427 1588
1428 118
1429 3690
1430 550
1431 3331
1432 3263
1433 487
1434 2463
1435 94
1436 122
1437 1593
1438 3846
1439 491
1440 3274
1441 2473
1442 499
1443 207
1444 135
1445 1180
1446 3364
1447 2066
1448 3469
1449 905
1450 922
1451 2186
1452 930
1453 947
1454 3730
1455 955
1456 528
1457 3683
1458 1237
1459 2550
1460 144
1461 901
1462 906
1463 3548
1464 334
1465 846
1466 928
1467 1208
1468 1224
1469 3366
1470 3370
1471 1785
1472 3102
1473 3062
1474 3726
1475 2363
1476 2944
1477 3836
1478 3769
1479 1085
1480 3405
1481 2534
1482 3197
1483 494
1484 1176
1485 3943
1486 3949
1487 1922
1488 3554
1489 1041
1490 1657
1491 2544
1492 2208
1493 2065
1494 3012
1495 3022
1496 3028
1497 1281
1498 3462
1499 1937
1500 1297
1501 2747
1502 921
1503 3200
1504 933
1505 3640
1506 1976
1507 946
1508 2922
1509 2780
1510 3088
1511 957
1512 2935
1513 2936
1514 3096
1515 961
1516 2870
1517 3244
1518 1235
1519 3341
1520 3349
1521 3429
1522 3286
1523 28
1524 3159
1525 3821
1526 3787
1527 1680
1528 3935
1529 1183
1530 3504
1531 2637
1532 2565
1533 154
1534 1699
1535 2206
1536 1333
1537 3018
1538 3019
1539 2071
1540 1272
1541 1348
1542 2650
1543 2303
1544 1295
1545 907
1546 1299
1547 3546
1548 2817
1549 2674
1550 1946
1551 3110
1552 3111
1553 2178
1554 1017
1555 3121
1556 2183
1557 927
1558 3498
1559 3203
1560 3204
1561 1464
1562 931
1563 2344
1564 2921
1565 949
1566 3727
1567 2926
1568 3587
1569 3733
1570 2932
1571 2867
1572 3599
1573 3230
1574 3167
1575 3169
1576 2941
1577 1130
1578 1061
1579 3681
1580 3760
1581 3693
1582 1152
1583 1086
1584 2467
1585 1300
1586 3844
1587 1231
1588 3340
1589 2612
1590 565
1591 3271
1592 2983
1593 1835
1594 3387
1595 837
1596 1895
1597 3712
1598 3597
1599 2796
1600 2432
1601 2379
1602 2380
1603 2382
1604 2383
1605 2471
1606 1251
1607 2708
1608 1760
1609 3365
1610 155
1611 3871
1612 803
1613 1264
1614 3512
1615 2575
1616 1419
1617 824
1618 2088
1619 2732
1620 3467
1621 2238
1622 2239
1623 3473
1624 3549
1625 1949
1626 2171
1627 2682
1628 3567
1629 1964
1630 3060
1631 2331
1632 3061
1633 863
1634 2919
1635 3649
1636 945
1637 3725
1638 948
1639 3091
1640 965
1641 3320
1642 1078
1643 2385
1644 3831
1645 1081
1646 2969
1647 123
1648 1162
1649 2611
1650 2474
1651 3852
1652 1172
1653 3788
1654 1827
1655 233
1656 172
1657 178
1658 2155
1659 2815
1660 1875
1661 3480
1662 2250
1663 3706
1664 1963
1665 1603
1666 2334
1667 1395
1668 2774
1669 507
1670 3142
1671 1616
1672 449
1673 1480
1674 1147
1675 3697
1676 3196
1677 2972
1678 2540
1679 3864
1680 1977
1681 1353
1682 691
1683 2677
1684 13
1685 779
1686 1894
1687 46
1688 1620
1689 92
1690 490
1691 2772
1692 3157
1693 2027
1694 3519
1695 2669
1696 258
1697 2816
1698 2748
1699 3628
1700 3643
1701 2430
1702 897
1703 976
1704 2524
1705 3406
1706 2537
1707 3412
1708 1658
1709 2546
1710 3937
1711 1924
1712 1518
1713 3555
1714 2681
1715 2408
1716 379
1717 3802
1718 880
1719 3807
1720 66
1721 3758
1722 2520
1723 2456
1724 1590
1725 2034
1726 3780
1727 2986
1728 3011
1729 2097
1730 3612
1731 1952
1732 2846
1733 1983
1734 1984
1735 1985
1736 1986
1737 891
1738 107
1739 3251
1740 2460
1741 2461
1742 2462
1743 3771
1744 2107
1745 2110
1746 1821
1747 3284
1748 140
1749 218
1750 3436
1751 2491
1752 2492
1753 2205
1754 3873
1755 3874
1756 1914
1757 305
1758 1414
1759 1782
1760 753
1761 2738
1762 900
1763 2168
1764 3540
1765 909
1766 697
1767 3045
1768 1014
1769 2829
1770 1018
1771 1453
1772 1600
1773 355
1774 35
1775 287
1776 289
1777 2339
1778 1398
1779 937
1780 2849
1781 2415
1782 2417
1783 3076
1784 371
1785 447
1786 2426
1787 2356
1788 1632
1789 2292
1790 3814
1791 2443
1792 469
1793 1571
1794 2884
1795 1226
1796 1083
1797 489
1798 2468
1799 1666
1800 2037
1801 633
1802 492
1803 566
1804 205
1805 1677
1806 3939
1807 847
1808 1969
1809 1970
1810 1971
1811 1972
1812 1973
1813 1975
1814 1978
1815 1979
1816 366
1817 1980
1818 1981
1819 3677
1820 2523
1821 575
1822 2050
1823 599
1824 2152
1825 1359
1826 829
1827 835
1828 836
1829 1526
1830 1459
1831 2401
1832 1602
1833 1474
1834 3404
1835 2531
1836 2532
1837 991
1838 996
1839 1752
1840 1762
1841 239
1842 170
1843 1931
1844 1797
1845 3615
1846 1944
1847 3477
1848 336
1849 15
1850 19
1851 1010
1852 1011
1853 3483
1854 2827
1855 410
1856 346
1857 419
1858 423
1859 280
1860 360
1861 2857
1862 513
1863 514
1864 516
1865 374
1866 54
1867 376
1868 453
1869 533
1870 534
1871 2016
1872 2965
1873 486
1874 3926
1875 159
1876 1054
1877 89
1878 3861
1879 3509
1880 3390
1881 3616
1882 23
1883 2007
1884 1337
1885 2500
1886 3617
1887 3553
1888 886
1889 93
1890 1177
1891 571
1892 718
1893 2120
1894 1184
1895 580
1896 1190
1897 735
1898 1342
1899 1417
1900 1352
1901 1280
1902 2232
1903 2162
1904 2165
1905 1290
1906 1365
1907 766
1908 2315
1909 1522
1910 2328
1911 2264
1912 3067
1913 1609
1914 1611
1915 3078
1916 2349
1917 1623
1918 1627
1919 1483
1920 950
1921 3307
1922 3092
1923 893
1924 2517
1925 100
1926 3179
1927 1648
1928 3326
1929 1726
1930 2606
1931 126
1932 3342
1933 1816
1934 3285
1935 1686
1936 148
1937 3437
1938 1769
1939 1913
1940 1848
1941 307
1942 309
1943 242
1944 177
1945 3605
1946 3464
1947 3393
1948 322
1949 326
1950 184
1951 259
1952 188
1953 3478
1954 190
1955 193
1956 18
1957 268
1958 3620
1959 3550
1960 2750
1961 1950
1962 3557
1963 341
1964 415
1965 22
1966 427
1967 281
1968 358
1969 3571
1970 436
1971 290
1972 365
1973 2851
1974 2781
1975 2787
1976 519
1977 448
1978 55
1979 1051
1980 2793
1981 522
1982 382
1983 456
1984 3747
1985 1211
1986 2956
1987 611
1988 617
1989 3764
1990 482
1991 3918
1992 3919
1993 1305
1994 2038
1995 561
1996 2112
1997 2114
1998 1173
1999 3049
2000 3217
2001 2788
2002 3672
2003 2786
2004 3794
2005 3797
2006 2310
2007 3820
2008 3694
2009 1228
2010 2057
2011 3024
2012 695
2013 2184
2014 2364
2015 2365
2016 3328
2017 2615
2018 1862
2019 2744
2020 3663
2021 3664
2022 392
2023 2891
2024 3923
2025 1311
2026 2147
2027 1421
2028 3201
2029 3134
2030 3224
2031 3089
2032 959
2033 978
2034 3185
2035 3414
2036 3350
2037 314
2038 1935
2039 3545
2040 2670
2041 1951
2042 3655
2043 3808
2044 3811
2045 3742
2046 3816
2047 1066
2048 615
2049 3910
2050 1241
2051 113
2052 1731
2053 2583
2054 3882
2055 3238
2056 3316
2057 3190
2058 3511
2059 3564
2060 3743
2061 3908
2062 3784
2063 3789
2064 2130
2065 1401
2066 806
2067 2069
2068 664
2069 2212
2070 3015
2071 2079
2072 3103
2073 3109
2074 1432
2075 1363
2076 1366
2077 2177
2078 848
2079 1450
2080 782
2081 929
2082 2341
2083 1477
2084 1629
2085 956
2086 2435
2087 2290
2088 960
2089 3317
2090 974
2091 1727
2092 2457
2093 3330
2094 2472
2095 132
2096 3430
2097 225
2098 3518
2099 3529
2100 2729
2101 3602
2102 1934
2103 1938
2104 254
2105 182
2106 3613
2107 2819
2108 2820
2109 2755
2110 418
2111 279
2112 437
2113 3724
2114 3729
2115 1050
2116 3738
2117 2939
2118 451
2119 2940
2120 1209
2121 78
2122 79
2123 82
2124 1082
2125 3841
2126 1161
2127 630
2128 1099
2129 3929
2130 640
2131 3007
2132 3115
2133 2505
2134 1707
2135 166
2136 2596
2137 2672
2138 2678
2139 1416
2140 2913
2141 9
2142 2803
2143 1919
2144 637
2145 973
2146 1939
2147 2929
2148 3112
2149 3069
2150 1926
2151 2690
2152 2434
2153 2439
2154 1904
2155 40
2156 2995
2157 43
2158 2979
2159 1187
2160 3124
2161 8
2162 692
2163 2170
2164 2196
2165 2448
2166 990
2167 2625
2168 3444
2169 240
2170 1858
2171 1004
2172 2879
2173 464
2174 3767
2175 3768
2176 704
2177 869
2178 2357
2179 577
2180 801
2181 2092
2182 3054
2183 1460
2184 1551
2185 2354
2186 1489
2187 885
2188 1495
2189 1582
2190 3400
2191 1592
2192 2559
2193 146
2194 238
2195 169
2196 181
2197 502
2198 362
2199 87
2200 2899
2201 558
2202 700
2203 2036
2204 631
2205 709
2206 711
2207 3946
2208 3898
2209 3710
2210 536
2211 3783
2212 2771
2213 1131
2214 3282
2215 2499
2216 156
2217 3606
2218 417
2219 1024
2220 298
2221 72
2222 84
2223 2971
2224 568
2225 2873
2226 2024
2227 1178
2228 1260
2229 3093
2230 2924
2231 69
2232 2519
2233 2861
2234 941
2235 3324
2236 3299
2237 3825
2238 3914
2239 3859
2240 754
2241 3118
2242 583
2243 2157
2244 2347
2245 3384
2246 438
2247 1112
2248 390
2249 2927
2250 2060
2251 1437
2252 2190
2253 3141
2254 2279
2255 993
2256 2582
2257 12
2258 294
2259 373
2260 63
2261 2880
2262 477
2263 2073
2264 1238
2265 810
2266 3895
2267 2084
2268 2169
2269 1605
2270 3225
2271 1595
2272 1750
2273 2566
2274 3515
2275 2714
2276 3453
2277 3454
2278 1881
2279 2876
2280 3824
2281 2102
2282 3776
2283 2978
2284 2048
2285 667
2286 1599
2287 2476
2288 204
2289 1681
2290 2818
2291 3933
2292 1349
2293 3837
2294 1542
2295 2203
2296 3870
2297 2204
2298 2210
2299 1507
2300 936
2301 944
2302 1596
2303 1929
2304 1936
2305 1940
2306 2904
2307 3736
2308 2937
2309 1824
2310 2938
2311 3901
2312 2535
2313 3936
2314 71
2315 3791
2316 3872
2317 851
2318 3177
2319 3357
2320 1755
2321 3580
2322 2877
2323 3754
2324 3915
2325 2285
2326 998
2327 3029
2328 1515
2329 2181
2330 1661
2331 1925
2332 1942
2333 1167
2334 3938
2335 3913
2336 3925
2337 2098
2338 2231
2339 2280
2340 1860
2341 1325
2342 2182
2343 3883
2344 3327
2345 2099
2346 3537
2347 1995
2348 2121
2349 1322
2350 1326
2351 1328
2352 1329
2353 3941
2354 3942
2355 3013
2356 2327
2357 3138
2358 2368
2359 2515
2360 2451
2361 2525
2362 3403
2363 2634
2364 2635
2365 2645
2366 2652
2367 2736
2368 2665
2369 324
2370 251
2371 328
2372 332
2373 407
2374 273
2375 3491
2376 3659
2377 1987
2378 1988
2379 3806
2380 1992
2381 1128
2382 1993
2383 1996
2384 1999
2385 2878
2386 606
2387 2026
2388 3840
2389 3843
2390 2104
2391 3921
2392 2113
2393 892
2394 241
2395 3538
2396 3934
2397 742
2398 3792
2399 3001
2400 3014
2401 1355
2402 2242
2403 1389
2404 2260
2405 2267
2406 3211
2407 875
2408 3304
2409 2518
2410 101
2411 2381
2412 1807
2413 2551
2414 1841
2415 3389
2416 3465
2417 2741
2418 2745
2419 2749
2420 20
2421 1890
2422 3497
2423 2928
2424 2866
2425 458
2426 387
2427 603
2428 544
2429 3766
2430 3849
2431 3125
2432 1415
2433 171
2434 1879
2435 1063
2436 715
2437 3865
2438 3795
2439 3150
2440 2284
2441 2561
2442 1889
2443 2769
2444 3720
2445 3822
2446 3756
2447 3857
2448 3132
2449 3073
2450 3154
2451 3311
2452 1404
2453 1439
2454 1472
2455 1647
2456 1662
2457 1053
2458 384
2459 2458
2460 2654
2461 1855
2462 645
2463 574
2464 649
2465 665
2466 668
2467 1354
2468 781
2469 1543
2470 117
2471 2609
2472 3416
2473 211
2474 147
2475 1900
2476 306
2477 1859
2478 406
2479 2696
2480 2697
2481 2925
2482 3819
2483 3746
2484 535
2485 627
2486 97
2487 2361
2488 3064
2489 129
2490 1670
2491 3579
2492 3884
2493 3719
2494 512
2495 548
2496 1289
2497 1454
2498 793
2499 3094
2500 1780
2501 1856
2502 1932
2503 3392
2504 3395
2505 1111
2506 3813
2507 549
2508 2998
2509 2360
2510 213
2511 206
2512 2495
2513 3539
2514 3627
2515 3679
2516 1941
2517 3801
2518 3135
2519 935
2520 3292
2521 3371
2522 2570
2523 2801
2524 2862
2525 3834
2526 3853
2527 3855
2528 1194
2529 760
2530 1667
2531 808
2532 2086
2533 2240
2534 1445
2535 3214
2536 870
2537 2626
2538 3431
2539 3432
2540 3433
2541 3434
2542 2494
2543 227
2544 3385
2545 3394
2546 1008
2547 408
2548 338
2549 426
2550 3585
2551 460
2552 3117
2553 1516
2554 3055
2555 3077
2556 3192
2557 3272
2558 3275
2559 2621
2560 1910
2561 308
2562 2730
2563 320
2564 2594
2565 2812
2566 3625
2567 3718
2568 363
2569 2859
2570 1123
2571 1055
2572 1202
2573 391
2574 3903
2575 3906
2576 3858
2577 759
2578 3860
2579 3950
2580 1502
2581 1539
2582 1612
2583 3302
2584 1564
2585 987
2586 2482
2587 1767
2588 179
2589 1896
2590 3581
2591 3598
2592 68
2593 3749
2594 3823
2595 2962
2596 1236
2597 638
2598 325
2599 274
2600 1581
2601 3415
2602 3470
2603 1273
2604 2255
2605 2295
2606 3199
2607 209
2608 271
2609 2905
2610 352
2611 2977
2612 564
2613 639
2614 1812
2615 1998
2616 2988
2617 2068
2618 670
2619 1361
2620 2330
2621 214
2622 523
2623 602
2624 83
2625 2022
2626 809
2627 1456
2628 1604
2629 1465
2630 1473
2631 1475
2632 1497
2633 2514
2634 2516
2635 1744
2636 2548
2637 1902
2638 152
2639 1771
2640 1866
2641 2597
2642 1869
2643 3709
2644 2835
2645 1119
2646 479
2647 2898
2648 98
2649 2974
2650 3782
2651 2996
2652 1255
2653 3520
2654 2656
2655 2666
2656 3592
2657 2035
2658 3922
2659 3924
2660 831
2661 1613
2662 2504
2663 2513
2664 984
2665 3401
2666 3262
2667 3673
2668 3674
2669 201
2670 876
2671 2372
2672 3329
2673 1728
2674 1928
2675 2587
2676 1930
2677 1933
2678 255
2679 1943
2680 3475
2681 1169
2682 3002
2683 669
2684 3010
2685 3951
2686 1413
2687 3885
2688 680
2689 3038
2690 3047
2691 2180
2692 854
2693 3075
2694 2351
2695 3235
2696 1631
2697 3090
2698 3241
2699 2512
2700 2440
2701 1572
2702 970
2703 3188
2704 2488
2705 2630
2706 3379
2707 2579
2708 3456
2709 2659
2710 183
2711 3547
2712 2824
2713 3559
2714 2689
2715 2830
2716 3568
2717 3731
2718 2864
2719 1132
2720 1068
2721 3680
2722 99
2723 2970
2724 1232
2725 3127
2726 2271
2727 3281
2728 2590
2729 1044
2730 3041
2731 3391
2732 3715
2733 3144
2734 1825
2735 31
2736 1323
2737 2475
2738 3449
2739 2552
2740 573
2741 2994
2742 3008
2743 685
2744 3128
2745 1397
2746 1399
2747 2276
2748 1547
2749 1482
2750 1725
2751 988
2752 2610
2753 1811
2754 2479
2755 2493
2756 2711
2757 301
2758 2679
2759 3711
2760 369
2761 57
2762 388
2763 613
2764 2963
2765 621
2766 483
2767 3839
2768 409
2769 3886
2770 761
2771 1626
2772 2614
2773 504
2774 3810
2775 547
2776 2894
2777 137
2778 3909
2779 747
2780 3867
2781 3796
2782 725
2783 3031
2784 2305
2785 1503
2786 767
2787 2425
2788 3158
2789 3245
2790 3181
2791 2602
2792 1741
2793 2624
2794 2483
2795 1844
2796 3459
2797 2585
2798 3532
2799 1867
2800 1796
2801 1891
2802 2768
2803 2844
2804 1105
2805 1058
2806 525
2807 80
2808 3902
2809 488
2810 632
2811 635
2812 495
2813 1646
2814 1550
2815 2445
2816 27
2817 295
2818 3761
2819 3162
2820 1874
2821 2865
2822 1346
2823 3180
2824 1746
2825 2651
2826 1854
2827 174
2828 191
2829 414
2830 354
2831 430
2832 433
2833 2889
2834 710
2835 1642
2836 2589
2837 2695
2838 3945
2839 2307
2840 3165
2841 3653
2842 2129
2843 3947
2844 149
2845 3149
2846 2785
2847 1427
2848 917
2849 1523
2850 1531
2851 1410
2852 2809
2853 1317
2854 2051
2855 2151
2856 3042
2857 3043
2858 3048
2859 2345
2860 2286
2861 3161
2862 964
2863 102
2864 119
2865 131
2866 3427
2867 1839
2868 1857
2869 1863
2870 3622
2871 3496
2872 505
2873 444
2874 3804
2875 537
2876 3695
2877 2031
2878 2032
2879 2900
2880 1484
2881 1076
2882 570
2883 662
2884 1533
2885 1471
2886 877
2887 1585
2888 1664
2889 3343
2890 263
2891 3562
2892 3716
2893 1114
2894 1150
2895 2964
2896 2062
2897 3050
2898 2569
2899 3563
2900 2839
2901 3851
2902 2075
2903 3544
2904 811
2905 751
2906 1508
2907 3221
2908 958
2909 128
2910 3577
2911 2008
2912 77
2913 3830
2914 2897
2915 3854
2916 250
2917 1423
2918 844
2919 3215
2920 3222
2921 3171
2922 3714
2923 3586
2924 3734
2925 2704
2926 1382
2927 3139
2928 2477
2929 3367
2930 2655
2931 3487
2932 2902
2933 3732
2934 210
2935 2627
2936 3667
2937 1870
2938 2751
2939 3765
2940 3572
2941 2799
2942 619
2943 2848
2944 1598
2945 3931
2946 2992
2947 1330
2948 1335
2949 3021
2950 841
2951 3058
2952 3351
2953 2636
2954 2740
2955 3488
2956 2903
2957 3573
2958 2784
2959 3833
2960 3838
2961 3692
2962 2095
2963 3339
2964 2362
2965 2388
2966 3569
2967 652
2968 755
2969 882
2970 3345
2971 2886
2972 3777
2973 1496
2974 656
2975 3318
2976 3335
2977 3344
2978 3346
2979 2545
2980 1743
2981 1695
2982 3490
2983 2855
2984 1989
2985 1990
2986 2868
2987 600
2988 1002
2989 3372
2990 840
2991 867
2992 2446
2993 1679
2994 1822
2995 3531
2996 3645
2997 3669
2998 1164
2999 1362
3000 3446
3001 681
3002 1332
3003 2464
3004 3276
3005 3133
3006 3310
3007 3665
3008 3781
3009 1826
3010 343
3011 484
3012 2219
3013 2256
3014 726
3015 3106
3016 2237
3017 2521
3018 2386
3019 3289
3020 3445
3021 331
3022 375
3023 722
3024 3894
3025 1384
3026 2673
3027 2843
3028 2933
3029 1163
3030 1525
3031 3239
3032 1490
3033 3240
3034 243
3035 1798
3036 470
3037 1351
3038 1511
3039 2175
3040 2281
3041 2293
3042 1651
3043 3183
3044 997
3045 2620
3046 1791
3047 1006
3048 335
3049 422
3050 75
3051 2885
3052 2400
3053 1067
3054 2733
3055 1153
3056 1383
3057 2810
3058 49
3059 939
3060 1817
3061 1749
3062 3670
3063 124
3064 1659
3065 228
3066 2767
3067 283
3068 478
3069 2298
3070 881
3071 3626
3072 807
3073 2055
3074 2896
3075 1906
3076 96
3077 1406
3078 2063
3079 3817
3080 1341
3081 2465
3082 2754
3083 3637
3084 2853
3085 746
3086 2618
3087 3374
3088 106
3089 1809
3090 1455
3091 705
3092 2715
3093 1758
3094 828
3095 2837
3096 626
3097 1865
3098 3739
3099 2179
3100 3293
3101 3912
3102 2074
3103 1538
3104 3790
3105 3428
3106 2847
3107 2854
3108 3832
3109 3691
3110 2128
3111 1336
3112 2326
3113 2737
3114 3721
3115 2044
3116 2982
3117 2275
3118 1837
3119 1113
3120 347
3121 1720
3122 1440
3123 3410
3124 411
3125 2931
3126 2911
3127 3892
3128 3122
3129 3143
3130 3368
3131 2481
3132 2201
3133 2342
3134 1656
3135 1312
3136 1000
3137 212
3138 56
3139 1412
3140 462
3141 121
3142 3648
3143 1893
3144 716
3145 2586
3146 2522
3147 37
3148 2487
3149 3900
3150 2056
3151 2131
3152 731
3153 1447
3154 2850
3155 3805
3156 1501
3157 103
3158 2778
3159 1056
3160 61
3161 1903
3162 2486
3163 2834
3164 200
3165 270
3166 1899
3167 2158
3168 3737
3169 3875
3170 1087
3171 2743
3172 114
3173 3940
3174 443
3175 2211
3176 2227
3177 992
3178 3442
3179 1853
3180 2164
3181 3313
3182 2753
3183 3632
3184 2658
3185 3611
3186 3878
3187 888
3188 1570
3189 3759
3190 3775
3191 3848
3192 3137
3193 2631
3194 297
3195 1565
3196 3588
3197 1549
3198 1692
3199 1168
3200 3862
3201 3140
3202 3944
3203 2892
3204 3866
3205 3891
3206 1026
3207 3025
3208 3463
3209 1170
3210 304
3211 2452
3212 2842
3213 3223
3214 1846
3215 1567
3216 136
3217 3232
3218 1458
3219 2466
3220 2536
3221 386
3222 554
3223 2200
3224 850
3225 1117
3226 614
3227 2577
3228 167
3229 2773
3230 1040
3231 385
3232 3803
3233 2593
3234 2760
3235 1696
3236 2397
3237 2756
3238 3845
3239 3306
3240 2207
3241 1494
3242 2509
3243 3184
3244 2727
3245 244
3246 2304
3247 2914
3248 2061
3249 2317
3250 2185
3251 2187
3252 1864
3253 2215
3254 1493
3255 1829
3256 2675
3257 1151
3258 1793
3259 3570
3260 3026
3261 2156
3262 3880
3263 1668
3264 1814
3265 3495
3266 1514
3267 3319
3268 359
3269 2945
3270 310
3271 925
3272 1901
3273 59
3274 3523
3275 2283
3276 2449
3277 452
3278 2244
3279 397
3280 2332
3281 1575
3282 2691
3283 2813
3284 2538
3285 2191
3286 3218
3287 3402
3288 3850
3289 3333
3290 2981
3291 220
3292 1426
3293 2350
3294 1144
3295 2934
3296 1622
3297 1636
3298 980
3299 394
3300 702
3301 2246
3302 1486
3303 1154
3304 1160
3305 1504
3306 2197
3307 1574
3308 3574
3309 2775
3310 389
3311 1071
3312 559
3313 1671
3314 1324
3315 189
3316 1174
3317 1898
3318 108
3319 2758
3320 2192
3321 1519
3322 1098
3323 1369
3324 1038
3325 2923
3326 3027
3327 1433
3328 3847
3329 3757
3330 2257
3331 3492
3332 598
3333 563
3334 2233
3335 2234
3336 2441
3337 245
3338 1872
3339 264
3340 3636
3341 1116
3342 698
3343 3116
3344 862
3345 2503
3346 2557
3347 2705
3348 197
3349 2765
3350 53
3351 526
3352 90
3353 567
3354 962
3355 618
3356 2209
3357 703
3358 3003
3359 967
3360 2814
3361 3486
3362 3642
3363 972
3364 2608
3365 1444
3366 1850
3367 3657
3368 1138
3369 2776
3370 1436
3371 769
3372 1675
3373 2831
3374 1849
3375 1121
3376 1181
3377 2562
3378 3644
3379 2221
3380 864
3381 219
3382 3419
3383 2632
3384 2101
3385 3905
3386 1878
3387 2984
3388 3303
3389 3641
3390 3166
3391 1718
3392 3778
3393 3283
3394 1685
3395 815
3396 1520
3397 775
3398 1420
3399 1534
3400 3652
3401 3666
3402 560
3403 2444
3404 1770
3405 2783
3406 1532
3407 966
3408 874
3409 3818
3410 732
3411 2930
3412 2833
3413 3207
3414 3533
3415 2777
3416 3443
